737.253 139.47400000000005 6.450000000000001 14.139 1253693.9856631213 6 True
736.831 139.05200000000002 6.5070000000000014 14.195 1252103.3141258096 6 True
736.41 138.63099999999997 6.489000000000001 14.219000000000001 1245675.716509054 6 True
735.989 138.21000000000004 6.625 14.163 1238613.1836179206 6 True
735.567 137.788 6.803000000000001 14.027000000000001 1227420.8792745052 6 True
735.146 137.36699999999996 6.812000000000001 14.09 1224675.7943903457 6 True
733.882 136.10299999999995 6.521000000000001 14.306000000000001 1207759.7595376761 6 True
542.447 -55.331999999999994 -66.6875 -42.6424 1005004.4819015311 6 True
541.605 -56.17399999999998 -66.3955 -42.6114 1032387.6503848044 6 True
540.763 -57.01599999999996 -66.2945 -42.7174 1063196.4974643604 6 True
539.921 -57.85799999999995 -66.2925 -42.8364 1095702.8422552815 6 True
539.079 -58.700000000000045 -66.3255 -43.0344 1129759.7101340708 6 True
538.237 -59.54200000000003 -66.0385 -43.0204 1158753.1910633792 6 True
537.395 -60.384000000000015 -66.4225 -42.952400000000004 1196068.114805256 6 True
536.553 -61.226 -66.7735 -42.9684 1234376.9227058832 6 True
535.711 -62.067999999999984 -66.6535 -42.9424 1266724.7203748843 6 True
534.869 -62.90999999999997 -66.1965 -42.9154 1294786.0625878656 6 True
534.027 -63.75199999999995 -66.4425 -42.9444 1333423.6297061974 6 True
533.185 -64.59400000000005 -66.73349999999999 -43.1124 1374685.122093522 6 True
532.343 -65.43600000000004 -66.7955 -43.0764 1411335.7862028093 6 True
531.501 -66.27800000000002 -66.5755 -42.745400000000004 1441257.1731295672 6 True
530.659 -67.12 -65.7555 -42.6804 1464579.9729295392 6 True
529.817 -67.96199999999999 -66.2375 -42.9884 1512511.9264458606 6 True
528.975 -68.80399999999997 -66.3455 -42.9694 1551798.0851528116 6 True
528.133 -69.64599999999996 -65.6945 -42.6624 1575664.2379787262 6 True
527.291 -70.48799999999994 -65.7575 -42.574400000000004 1614095.8562446926 6 True
526.449 -71.33000000000004 -66.4765 -42.7534 1667682.919917582 6 True
525.607 -72.17200000000003 -66.4665 -42.8304 1708005.616312095 6 True
524.765 -73.01400000000001 -66.3385 -43.0214 1748007.1714597344 6 True