737.253 139.05200000000002 6.371 14.184000000000001 1246793.8667419108 6 True
736.831 138.63 6.428000000000001 14.239999999999998 1245172.4714315818 6 True
736.41 138.20899999999995 6.41 14.264 1238769.0242298525 6 True
735.989 137.788 6.545999999999999 14.207999999999998 1231655.4567307567 6 True
735.567 137.36599999999999 6.724 14.072 1220405.3676436634 6 True
735.146 136.94499999999994 6.7330000000000005 14.135000000000002 1217659.8040020573 6 True
733.882 135.68099999999993 6.442 14.350999999999999 1200926.2334147794 6 True
542.447 -55.75400000000002 -66.7665 -42.5974 1020938.6532693155 6 True
541.605 -56.596000000000004 -66.4745 -42.5664 1048518.1141437367 6 True
540.763 -57.43799999999999 -66.3735 -42.672399999999996 1079568.734966318 6 True
539.921 -58.27999999999997 -66.3715 -42.791399999999996 1112335.8180775905 6 True
539.079 -59.12200000000007 -66.4045 -42.989399999999996 1146668.2030065698 6 True
538.237 -59.964000000000055 -66.1175 -42.9754 1175857.9543368602 6 True
537.395 -60.80600000000004 -66.5015 -42.9074 1213487.3547865376 6 True
536.553 -61.648000000000025 -66.8525 -42.9234 1252115.332368406 6 True
535.711 -62.49000000000001 -66.7325 -42.8974 1284689.6279207794 6 True
534.869 -63.331999999999994 -66.2755 -42.8704 1312911.273924064 6 True
534.027 -64.17399999999998 -66.5215 -42.8994 1351851.6333201218 6 True
533.185 -65.01600000000008 -66.8125 -43.0674 1393441.6211229216 6 True
532.343 -65.85800000000006 -66.8745 -43.0314 1430354.2557215218 6 True
531.501 -66.70000000000005 -66.6545 -42.7004 1460447.5900461597 6 True
530.659 -67.54200000000003 -65.8345 -42.6354 1483845.1268727928 6 True
529.817 -68.38400000000001 -66.3165 -42.9434 1532164.5075562012 6 True
528.975 -69.226 -66.4245 -42.9244 1571724.3782106696 6 True
528.133 -70.06799999999998 -65.7735 -42.617399999999996 1595667.453608144 6 True
527.291 -70.90999999999997 -65.8365 -42.5294 1634354.0456201457 6 True
526.449 -71.75200000000007 -66.5555 -42.7084 1688373.649983351 6 True
525.607 -72.59400000000005 -66.5455 -42.785399999999996 1728957.38349009 6 True
524.765 -73.43600000000004 -66.4175 -42.9764 1769207.2008949986 6 True