-10.0 -10.0 3.8755e6 1.1628e5 3.7593e6
-10.0 -9.5 3.8275e6 1.2213e5 3.7053e6
-10.0 -9.0 3.7799e6 1.2806e5 3.6518e6
-10.0 -8.5 3.7328e6 1.3404e5 3.5987e6
-10.0 -8.0 3.6862e6 1.4008e5 3.5461e6
-10.0 -7.5 3.6402e6 1.4617e5 3.494e6
-10.0 -7.0 3.5947e6 1.5229e5 3.4424e6
-10.0 -6.5 3.5497e6 1.5845e5 3.3913e6
-10.0 -6.0 3.5054e6 1.6465e5 3.3408e6
-10.0 -5.5 3.4617e6 1.7087e5 3.2908e6
-10.0 -5.0 3.4186e6 1.7712e5 3.2415e6
-10.0 -4.5 3.3762e6 1.8339e5 3.1928e6
-10.0 -4.0 3.3345e6 1.8968e5 3.1448e6
-10.0 -3.5 3.2935e6 1.9599e5 3.0975e6
-10.0 -3.0 3.2532e6 2.0232e5 3.0509e6
-9.5 -10.0 3.8338e6 1.1948e5 3.7143e6
-9.5 -9.5 3.7852e6 1.2519e5 3.66e6
-9.5 -9.0 3.737e6 1.3098e5 3.6061e6
-9.5 -8.5 3.6894e6 1.3683e5 3.5526e6
-9.5 -8.0 3.6423e6 1.4275e5 3.4995e6
-9.5 -7.5 3.5956e6 1.4873e5 3.4469e6
-9.5 -7.0 3.5496e6 1.5475e5 3.3948e6
-9.5 -6.5 3.5041e6 1.6082e5 3.3432e6
-9.5 -6.0 3.4592e6 1.6693e5 3.2922e6
-9.5 -5.5 3.4148e6 1.7307e5 3.2418e6
-9.5 -5.0 3.3712e6 1.7924e5 3.1919e6
-9.5 -4.5 3.3282e6 1.8544e5 3.1427e6
-9.5 -4.0 3.2858e6 1.9167e5 3.0942e6
-9.5 -3.5 3.2442e6 1.9791e5 3.0463e6
-9.5 -3.0 3.2034e6 2.0418e5 2.9992e6
-9.0 -10.0 3.7926e6 1.2296e5 3.6696e6
-9.0 -9.5 3.7435e6 1.2851e5 3.615e6
-9.0 -9.0 3.6948e6 1.3415e5 3.5606e6
-9.0 -8.5 3.6466e6 1.3988e5 3.5067e6
-9.0 -8.0 3.5989e6 1.4568e5 3.4532e6
-9.0 -7.5 3.5517e6 1.5154e5 3.4002e6
-9.0 -7.0 3.5051e6 1.5745e5 3.3476e6
-9.0 -6.5 3.459e6 1.6342e5 3.2956e6
-9.0 -6.0 3.4135e6 1.6944e5 3.244e6
-9.0 -5.5 3.3686e6 1.7549e5 3.1931e6
-9.0 -5.0 3.3243e6 1.8158e5 3.1427e6
-9.0 -4.5 3.2807e6 1.877e5 3.093e6
-9.0 -4.0 3.2377e6 1.9385e5 3.0439e6
-9.0 -3.5 3.1955e6 2.0003e5 2.9955e6
-9.0 -3.0 3.154e6 2.0624e5 2.9477e6
-8.5 -10.0 3.7521e6 1.2669e5 3.6254e6
-8.5 -9.5 3.7024e6 1.3208e5 3.5703e6
-8.5 -9.0 3.6532e6 1.3758e5 3.5156e6
-8.5 -8.5 3.6044e6 1.4317e5 3.4613e6
-8.5 -8.0 3.5562e6 1.4884e5 3.4073e6
-8.5 -7.5 3.5084e6 1.5458e5 3.3539e6
-8.5 -7.0 3.4612e6 1.6038e5 3.3008e6
-8.5 -6.5 3.4145e6 1.6624e5 3.2483e6
-8.5 -6.0 3.3684e6 1.7216e5 3.1962e6
-8.5 -5.5 3.3229e6 1.7812e5 3.1448e6
-8.5 -5.0 3.278e6 1.8412e5 3.0939e6
-8.5 -4.5 3.2337e6 1.9016e5 3.0436e6
-8.5 -4.0 3.1902e6 1.9624e5 2.9939e6
-8.5 -3.5 3.1473e6 2.0235e5 2.9449e6
-8.5 -3.0 3.1051e6 2.0848e5 2.8967e6
-8.0 -10.0 3.7122e6 1.3064e5 3.5816e6
-8.0 -9.5 3.662e6 1.3588e5 3.5261e6
-8.0 -9.0 3.6123e6 1.4123e5 3.471e6
-8.0 -8.5 3.5629e6 1.4668e5 3.4163e6
-8.0 -8.0 3.5141e6 1.5221e5 3.3619e6
-8.0 -7.5 3.4658e6 1.5783e5 3.3079e6
-8.0 -7.0 3.418e6 1.6352e5 3.2544e6
-8.0 -6.5 3.3707e6 1.6928e5 3.2014e6
-8.0 -6.0 3.324e6 1.7509e5 3.1489e6
-8.0 -5.5 3.2778e6 1.8095e5 3.0969e6
-8.0 -5.0 3.2323e6 1.8687e5 3.0454e6
-8.0 -4.5 3.1874e6 1.9282e5 2.9946e6
-8.0 -4.0 3.1432e6 1.9882e5 2.9444e6
-8.0 -3.5 3.0997e6 2.0485e5 2.8948e6
-8.0 -3.0 3.0569e6 2.1091e5 2.846e6
-7.5 -10.0 3.673e6 1.3481e5 3.5382e6
-7.5 -9.5 3.6223e6 1.3989e5 3.4824e6
-7.5 -9.0 3.572e6 1.4509e5 3.4269e6
-7.5 -8.5 3.5221e6 1.5039e5 3.3717e6
-7.5 -8.0 3.4727e6 1.558e5 3.3169e6
-7.5 -7.5 3.4238e6 1.6129e5 3.2625e6
-7.5 -7.0 3.3754e6 1.6687e5 3.2085e6
-7.5 -6.5 3.3275e6 1.7251e5 3.155e6
-7.5 -6.0 3.2802e6 1.7821e5 3.1019e6
-7.5 -5.5 3.2334e6 1.8398e5 3.0494e6
-7.5 -5.0 3.1872e6 1.898e5 2.9974e6
-7.5 -4.5 3.1417e6 1.9566e5 2.946e6
-7.5 -4.0 3.0968e6 2.0157e5 2.8953e6
-7.5 -3.5 3.0527e6 2.0752e5 2.8451e6
-7.5 -3.0 3.0092e6 2.1351e5 2.7957e6
-7.0 -10.0 3.6346e6 1.3916e5 3.4954e6
-7.0 -9.5 3.5833e6 1.4408e5 3.4392e6
-7.0 -9.0 3.5324e6 1.4914e5 3.3833e6
-7.0 -8.5 3.482e6 1.5431e5 3.3277e6
-7.0 -8.0 3.432e6 1.5958e5 3.2724e6
-7.0 -7.5 3.3825e6 1.6495e5 3.2175e6
-7.0 -7.0 3.3335e6 1.704e5 3.1631e6
-7.0 -6.5 3.285e6 1.7593e5 3.1091e6
-7.0 -6.0 3.237e6 1.8153e5 3.0555e6
-7.0 -5.5 3.1896e6 1.8719e5 3.0024e6
-7.0 -5.0 3.1428e6 1.9291e5 2.9499e6
-7.0 -4.5 3.0967e6 1.9869e5 2.898e6
-7.0 -4.0 3.0511e6 2.0451e5 2.8466e6
-7.0 -3.5 3.0063e6 2.1038e5 2.7959e6
-7.0 -3.0 2.9621e6 2.1628e5 2.7458e6
-6.5 -10.0 3.5969e6 1.4368e5 3.4532e6
-6.5 -9.5 3.545e6 1.4846e5 3.3966e6
-6.5 -9.0 3.4936e6 1.5337e5 3.3402e6
-6.5 -8.5 3.4426e6 1.584e5 3.2842e6
-6.5 -8.0 3.392e6 1.6354e5 3.2285e6
-6.5 -7.5 3.3419e6 1.6878e5 3.1731e6
-6.5 -7.0 3.2923e6 1.7411e5 3.1182e6
-6.5 -6.5 3.2432e6 1.7952e5 3.0637e6
-6.5 -6.0 3.1946e6 1.8501e5 3.0096e6
-6.5 -5.5 3.1466e6 1.9057e5 2.956e6
-6.5 -5.0 3.0991e6 1.962e5 2.9029e6
-6.5 -4.5 3.0523e6 2.0188e5 2.8504e6
-6.5 -4.0 3.0061e6 2.0761e5 2.7985e6
-6.5 -3.5 2.9605e6 2.1339e5 2.7471e6
-6.5 -3.0 2.9157e6 2.1922e5 2.6965e6
-6.0 -10.0 3.5599e6 1.4836e5 3.4115e6
-6.0 -9.5 3.5075e6 1.5299e5 3.3545e6
-6.0 -9.0 3.4555e6 1.5776e5 3.2977e6
-6.0 -8.5 3.4039e6 1.6265e5 3.2413e6
-6.0 -8.0 3.3528e6 1.6766e5 3.1851e6
-6.0 -7.5 3.3021e6 1.7278e5 3.1293e6
-6.0 -7.0 3.2519e6 1.7799e5 3.0739e6
-6.0 -6.5 3.2021e6 1.8329e5 3.0188e6
-6.0 -6.0 3.1529e6 1.8867e5 2.9642e6
-6.0 -5.5 3.1042e6 1.9412e5 2.9101e6
-6.0 -5.0 3.0561e6 1.9965e5 2.8565e6
-6.0 -4.5 3.0086e6 2.0523e5 2.8034e6
-6.0 -4.0 2.9617e6 2.1087e5 2.7509e6
-6.0 -3.5 2.9155e6 2.1657e5 2.6989e6
-6.0 -3.0 2.8699e6 2.2231e5 2.6476e6
-5.5 -10.0 3.5237e6 1.5319e5 3.3705e6
-5.5 -9.5 3.4707e6 1.5767e5 3.3131e6
-5.5 -9.0 3.4182e6 1.623e5 3.2559e6
-5.5 -8.5 3.366e6 1.6706e5 3.199e6
-5.5 -8.0 3.3143e6 1.7194e5 3.1424e6
-5.5 -7.5 3.263e6 1.7693e5 3.0861e6
-5.5 -7.0 3.2122e6 1.8202e5 3.0302e6
-5.5 -6.5 3.1618e6 1.8721e5 2.9746e6
-5.5 -6.0 3.112e6 1.9248e5 2.9195e6
-5.5 -5.5 3.0626e6 1.9783e5 2.8648e6
-5.5 -5.0 3.0139e6 2.0325e5 2.8106e6
-5.5 -4.5 2.9657e6 2.0874e5 2.7569e6
-5.5 -4.0 2.9181e6 2.1429e5 2.7038e6
-5.5 -3.5 2.8712e6 2.199e5 2.6513e6
-5.5 -3.0 2.8249e6 2.2556e5 2.5994e6
-5.0 -10.0 3.4883e6 1.5814e5 3.3301e6
-5.0 -9.5 3.4348e6 1.6248e5 3.2723e6
-5.0 -9.0 3.3817e6 1.6698e5 3.2147e6
-5.0 -8.5 3.329e6 1.7161e5 3.1574e6
-5.0 -8.0 3.2766e6 1.7636e5 3.1003e6
-5.0 -7.5 3.2248e6 1.8123e5 3.0435e6
-5.0 -7.0 3.1733e6 1.862e5 2.9871e6
-5.0 -6.5 3.1223e6 1.9128e5 2.931e6
-5.0 -6.0 3.0718e6 1.9644e5 2.8754e6
-5.0 -5.5 3.0218e6 2.0168e5 2.8202e6
-5.0 -5.0 2.9724e6 2.07e5 2.7654e6
-5.0 -4.5 2.9235e6 2.1239e5 2.7111e6
-5.0 -4.0 2.8753e6 2.1785e5 2.6574e6
-5.0 -3.5 2.8276e6 2.2337e5 2.6042e6
-5.0 -3.0 2.7806e6 2.2894e5 2.5517e6
-4.5 -10.0 3.4537e6 1.632e5 3.2905e6
-4.5 -9.5 3.3997e6 1.6742e5 3.2323e6
-4.5 -9.0 3.346e6 1.7178e5 3.1742e6
-4.5 -8.5 3.2927e6 1.7628e5 3.1164e6
-4.5 -8.0 3.2398e6 1.8092e5 3.0589e6
-4.5 -7.5 3.1873e6 1.8566e5 3.0017e6
-4.5 -7.0 3.1353e6 1.9052e5 2.9447e6
-4.5 -6.5 3.0836e6 1.9548e5 2.8882e6
-4.5 -6.0 3.0325e6 2.0053e5 2.832e6
-4.5 -5.5 2.9819e6 2.0567e5 2.7762e6
-4.5 -5.0 2.9318e6 2.1089e5 2.7209e6
-4.5 -4.5 2.8822e6 2.1619e5 2.666e6
-4.5 -4.0 2.8332e6 2.2155e5 2.6117e6
-4.5 -3.5 2.7848e6 2.2698e5 2.5579e6
-4.5 -3.0 2.7371e6 2.3247e5 2.5047e6
-4.0 -10.0 3.42e6 1.6837e5 3.2516e6
-4.0 -9.5 3.3654e6 1.7246e5 3.1929e6
-4.0 -9.0 3.3112e6 1.767e5 3.1345e6
-4.0 -8.5 3.2573e6 1.8108e5 3.0762e6
-4.0 -8.0 3.2038e6 1.8559e5 3.0182e6
-4.0 -7.5 3.1507e6 1.9022e5 2.9605e6
-4.0 -7.0 3.0981e6 1.9497e5 2.9031e6
-4.0 -6.5 3.0458e6 1.9982e5 2.846e6
-4.0 -6.0 2.994e6 2.0476e5 2.7893e6
-4.0 -5.5 2.9427e6 2.098e5 2.7329e6
-4.0 -5.0 2.8919e6 2.1492e5 2.677e6
-4.0 -4.5 2.8417e6 2.2011e5 2.6216e6
-4.0 -4.0 2.792e6 2.2538e5 2.5666e6
-4.0 -3.5 2.7429e6 2.3072e5 2.5122e6
-4.0 -3.0 2.6944e6 2.3612e5 2.4583e6
-3.5 -10.0 3.3871e6 1.7364e5 3.2135e6
-3.5 -9.5 3.332e6 1.7761e5 3.1544e6
-3.5 -9.0 3.2772e6 1.8173e5 3.0955e6
-3.5 -8.5 3.2228e6 1.8599e5 3.0368e6
-3.5 -8.0 3.1687e6 1.9038e5 2.9784e6
-3.5 -7.5 3.1151e6 1.949e5 2.9202e6
-3.5 -7.0 3.0618e6 1.9953e5 2.8622e6
-3.5 -6.5 3.0089e6 2.0427e5 2.8046e6
-3.5 -6.0 2.9565e6 2.0911e5 2.7473e6
-3.5 -5.5 2.9045e6 2.1405e5 2.6904e6
-3.5 -5.0 2.853e6 2.1907e5 2.634e6
-3.5 -4.5 2.8021e6 2.2417e5 2.5779e6
-3.5 -4.0 2.7517e6 2.2934e5 2.5223e6
-3.5 -3.5 2.7018e6 2.3459e5 2.4672e6
-3.5 -3.0 2.6526e6 2.399e5 2.4127e6
-3.0 -10.0 3.3552e6 1.79e5 3.1762e6
-3.0 -9.5 3.2995e6 1.8285e5 3.1167e6
-3.0 -9.0 3.2442e6 1.8685e5 3.0574e6
-3.0 -8.5 3.1892e6 1.91e5 2.9982e6
-3.0 -8.0 3.1346e6 1.9528e5 2.9393e6
-3.0 -7.5 3.0803e6 1.9968e5 2.8806e6
-3.0 -7.0 3.0264e6 2.0421e5 2.8222e6
-3.0 -6.5 2.9729e6 2.0884e5 2.764e6
-3.0 -6.0 2.9198e6 2.1358e5 2.7062e6
-3.0 -5.5 2.8672e6 2.1841e5 2.6488e6
-3.0 -5.0 2.815e6 2.2333e5 2.5917e6
-3.0 -4.5 2.7634e6 2.2834e5 2.535e6
-3.0 -4.0 2.7122e6 2.3342e5 2.4788e6
-3.0 -3.5 2.6617e6 2.3858e5 2.4231e6
-3.0 -3.0 2.6117e6 2.438e5 2.3679e6
-2.5 -10.0 3.3241e6 1.8443e5 3.1397e6
-2.5 -9.5 3.268e6 1.8817e5 3.0798e6
-2.5 -9.0 3.2121e6 1.9206e5 3.0201e6
-2.5 -8.5 3.1566e6 1.961e5 2.9605e6
-2.5 -8.0 3.1013e6 2.0027e5 2.9011e6
-2.5 -7.5 3.0465e6 2.0457e5 2.8419e6
-2.5 -7.0 2.9919e6 2.0899e5 2.783e6
-2.5 -6.5 2.9378e6 2.1352e5 2.7243e6
-2.5 -6.0 2.8841e6 2.1815e5 2.6659e6
-2.5 -5.5 2.8308e6 2.2288e5 2.6079e6
-2.5 -5.0 2.778e6 2.2771e5 2.5503e6
-2.5 -4.5 2.7256e6 2.3262e5 2.493e6
-2.5 -4.0 2.6738e6 2.3761e5 2.4362e6
-2.5 -3.5 2.6225e6 2.4268e5 2.3798e6
-2.5 -3.0 2.5717e6 2.4782e5 2.3239e6
-2.0 -10.0 3.2941e6 1.8994e5 3.1041e6
-2.0 -9.5 3.2374e6 1.9357e5 3.0438e6
-2.0 -9.0 3.181e6 1.9736e5 2.9836e6
-2.0 -8.5 3.1249e6 2.0129e5 2.9236e6
-2.0 -8.0 3.0691e6 2.0535e5 2.8637e6
-2.0 -7.5 3.0136e6 2.0955e5 2.8041e6
-2.0 -7.0 2.9585e6 2.1386e5 2.7446e6
-2.0 -6.5 2.9038e6 2.1829e5 2.6855e6
-2.0 -6.0 2.8494e6 2.2282e5 2.6266e6
-2.0 -5.5 2.7954e6 2.2746e5 2.568e6
-2.0 -5.0 2.7419e6 2.3219e5 2.5097e6
-2.0 -4.5 2.6889e6 2.3701e5 2.4519e6
-2.0 -4.0 2.6363e6 2.4191e5 2.3944e6
-2.0 -3.5 2.5842e6 2.4689e5 2.3374e6
-2.0 -3.0 2.5327e6 2.5194e5 2.2808e6
