-10.0 -10.0 3875531.88786 116278.275014
-10.0 -9.5 3827471.19692 122133.334023
-10.0 -9.0 3779885.02629 128058.134168
-10.0 -8.5 3732791.52283 134043.476055
-10.0 -8.0 3686209.56802 140081.653169
-10.0 -7.5 3640158.79947 146166.172713
-10.0 -7.0 3594659.63103 152291.532851
-10.0 -6.5 3549733.27199 158453.046173
-10.0 -6.0 3505401.74656 164646.698459
-10.0 -5.5 3461687.9057 170869.034823
-10.0 -5.0 3418615.44344 177117.067786
-10.0 -4.5 3376208.90619 183388.202381
-10.0 -4.0 3334493.69865 189680.175545
-10.0 -3.5 3293496.09234 195991.004538
-10.0 -3.0 3253243.21254 202318.946635
-9.5 -10.0 3833750.60679 119483.12111
-9.5 -9.5 3785159.46215 125188.41318
-9.5 -9.0 3737034.55946 130975.285857
-9.5 -8.5 3689394.14223 136833.394162
-9.5 -8.0 3642257.22138 142753.989844
-9.5 -7.5 3595643.59543 148729.641402
-9.5 -7.0 3549573.88091 154754.005451
-9.5 -6.5 3504069.53159 160821.643615
-9.5 -6.0 3459152.85583 166927.871572
-9.5 -5.5 3414847.04381 173068.6375
-9.5 -5.0 3371176.17567 179240.422113
-9.5 -4.5 3328165.2497 185440.155939
-9.5 -4.0 3285840.17855 191665.152029
-9.5 -3.5 3244227.80423 197913.049267
-9.5 -3.0 3203355.89822 204181.765739
-9.0 -10.0 3792591.03414 122960.418466
-9.0 -9.5 3743465.67981 128511.124872
-9.0 -9.0 3694797.76711 134154.647051
-9.0 -8.5 3646605.61068 139879.715638
-9.0 -8.0 3598908.32153 145676.706585
-9.0 -7.5 3551725.83681 151537.371539
-9.0 -7.0 3505078.94251 157454.615674
-9.0 -6.5 3458989.30866 163422.313734
-9.0 -6.0 3413479.50637 169435.157761
-9.0 -5.5 3368573.03499 175488.531209
-9.0 -5.0 3324294.34243 181578.404185
-9.0 -4.5 3280668.84959 187701.247023
-9.0 -4.0 3237722.95537 193853.956739
-9.0 -3.5 3195484.06203 200033.797223
-9.0 -3.0 3153980.57223 206238.347792
-8.5 -10.0 3752073.63155 126687.621561
-8.5 -9.5 3702410.7256 132081.224348
-8.5 -9.0 3653195.93362 137578.036823
-8.5 -8.5 3604447.61002 143166.101409
-8.5 -8.0 3556184.93712 148835.100959
-8.5 -7.5 3508427.9559 154576.112857
-8.5 -7.0 3461197.59769 160381.399973
-8.5 -6.5 3414515.71427 166244.234109
-8.5 -6.0 3368405.10817 172158.746932
-8.5 -5.5 3322889.56034 178119.804955
-8.5 -5.0 3277993.85702 184122.903341
-8.5 -4.5 3233743.81362 190164.077474
-8.5 -4.0 3190166.29625 196239.827585
-8.5 -3.5 3147289.23898 202347.055237
-8.5 -3.0 3105141.65708 208483.009495
-8.0 -10.0 3712219.42411 130643.168898
-8.0 -9.5 3662016.0843 135879.105065
-8.0 -9.0 3612250.99565 141227.651621
-8.0 -8.5 3562942.52117 146676.392701
-8.0 -8.0 3514109.88067 152214.505399
-8.0 -7.5 3465773.18661 157832.543232
-8.0 -7.0 3417953.47872 163522.246694
-8.0 -6.5 3370672.75964 169276.379927
-8.0 -6.0 3323954.02732 175088.589773
-8.0 -5.5 3277821.31139 180953.284439
-8.0 -5.0 3232299.70126 186865.530365
-8.0 -4.5 3187415.37903 192820.963855
-8.0 -4.0 3143195.64393 198815.715392
-8.0 -3.5 3099668.93744 204846.345097
-8.0 -3.0 3056864.86212 210909.787326
-7.5 -10.0 3673049.99868 134806.754037
-7.5 -9.5 3622303.84554 139886.069742
-7.5 -9.0 3571985.54219 145086.322662
-7.5 -8.5 3522113.42515 150394.851864
-7.5 -8.0 3472706.71624 155800.506915
-7.5 -7.5 3423785.56308 161293.46675
-7.5 -7.0 3375371.07621 166865.072622
-7.5 -6.5 3327485.3704 172507.681283
-7.5 -6.0 3280151.60187 178214.536844
-7.5 -5.5 3233394.01111 183979.655203
-7.5 -5.0 3187237.95208 189797.727512
-7.5 -4.5 3141709.93634 195664.033786
-7.5 -4.0 3096837.66156 201574.368965
-7.5 -3.5 3052650.04319 207524.978746
-7.5 -3.0 3009177.24058 213512.504246
-7.0 -10.0 3634587.49359 139159.48542
-7.0 -9.5 3583296.69642 144084.509282
-7.0 -9.0 3532422.80766 149137.702443
-7.0 -8.5 3481984.10009 154306.344214
-7.0 -8.0 3431999.75967 159579.121014
-7.0 -7.5 3382489.92919 164945.976882
-7.0 -7.0 3333475.74745 170397.973066
-7.0 -6.5 3284979.40206 175927.160326
-7.0 -6.0 3237024.165 181526.462092
-7.0 -5.5 3189634.44103 187189.573412
-7.0 -5.0 3142835.81008 192910.867323
-7.0 -4.5 3096655.06942 198685.314943
-7.0 -4.0 3051120.27377 204508.414566
-7.0 -3.5 3006260.77323 210376.129252
-7.0 -3.0 2962107.24676 216284.832607
-6.5 -10.0 3596854.58568 143683.956886
-6.5 -9.5 3545017.91126 148458.007485
-6.5 -9.0 3493586.66428 153366.385623
-6.5 -8.5 3442579.01583 158396.468979
-6.5 -8.0 3392014.0723 163536.922658
-6.5 -7.5 3341911.93331 168777.583214
-6.5 -7.0 3292293.71936 174109.343062
-6.5 -6.5 3243181.64451 179524.042243
-6.5 -6.0 3194599.05003 185014.367982
-6.5 -5.5 3146570.45807 190573.76267
-6.5 -5.0 3099121.62478 196196.340986
-6.5 -4.5 3052279.58606 201876.815176
-6.5 -4.0 3006072.70621 207610.428476
-6.5 -3.5 2960530.72313 213392.896564
-6.5 -3.0 2915684.79129 219220.354221
-6.0 -10.0 3559874.4719 148364.251858
-6.0 -9.5 3507491.33368 152991.38262
-6.0 -9.0 3455501.60914 157757.978559
-6.0 -8.5 3403923.32482 162651.642041
-6.0 -8.0 3352775.46459 167661.138305
-6.0 -7.5 3302078.03279 172776.306979
-6.0 -7.0 3251852.09347 177987.971823
-6.0 -6.5 3202119.83175 183287.850866
-6.0 -6.0 3152904.60701 188668.472729
-6.0 -5.5 3104231.00914 194123.0959
-6.0 -5.0 3056124.91541 199645.634793
-6.0 -4.5 3008613.54605 205230.593115
-6.0 -4.0 2961725.52035 210873.002371
-6.0 -3.5 2915490.91087 216568.366731
-6.0 -3.0 2869941.29484 222312.613922
-5.5 -10.0 3523670.85796 153185.90018
-5.5 -9.5 3470741.36481 157670.684559
-5.5 -9.0 3418192.74625 162299.12285
-5.5 -8.5 3366042.83959 167059.141832
-5.5 -8.0 3314310.46337 171939.704332
-5.5 -7.5 3263015.47699 176930.747158
-5.5 -7.0 3212178.83025 182023.112327
-5.5 -6.5 3161822.63194 187208.476513
-5.5 -6.0 3111970.20165 192479.280713
-5.5 -5.5 3062646.14146 197828.663087
-5.5 -5.0 3013876.38716 203250.394392
-5.5 -4.5 2965688.28434 208738.818965
-5.5 -4.0 2918110.64591 214288.799156
-5.5 -3.5 2871173.81747 219895.665007
-5.5 -3.0 2824909.73823 225555.168493
-5.0 -10.0 3488267.91373 158135.804029
-5.0 -9.5 3434792.92825 162483.158548
-5.0 -9.0 3381685.76454 166977.490592
-5.0 -8.5 3328964.02506 171607.124406
-5.0 -8.0 3276646.3133 176361.297758
-5.0 -7.5 3224752.29239 181230.121869
-5.0 -7.0 3173302.74737 186204.53094
-5.0 -6.5 3122319.64874 191276.229424
-5.0 -6.0 3071826.21967 196437.635407
-5.0 -5.5 3021847.00479 201681.824941
-5.0 -5.0 2972407.94071 207002.477705
-5.0 -4.5 2923536.42826 212393.825252
-5.0 -4.0 2875261.40568 217850.602391
-5.0 -3.5 2827613.42176 223368.001294
-5.0 -3.0 2780624.70804 228941.630566
-4.5 -10.0 3453690.26244 163202.145642
-4.5 -9.5 3399671.44967 167417.187871
-4.5 -9.0 3346006.91003 171781.753196
-4.5 -8.5 3292713.96238 176284.615357
-4.5 -8.0 3239810.94137 180915.345409
-4.5 -7.5 3187317.2685 185664.289342
-4.5 -7.0 3135253.49715 190522.535528
-4.5 -6.5 3083641.40285 195481.875101
-4.5 -6.0 3032504.04595 200534.759278
-4.5 -5.5 2981865.84921 205674.254333
-4.5 -5.0 2931752.67533 210893.996602
-4.5 -4.5 2882191.90846 216188.148746
-4.5 -4.0 2833212.53529 221551.35652
-4.5 -3.5 2784845.22989 226978.709909
-4.5 -3.0 2737122.43672 232465.704728
-4.0 -10.0 3419962.93619 168374.285885
-4.0 -9.5 3365402.81799 172462.221778
-4.0 -9.0 3311182.94947 176701.5358
-4.0 -8.5 3257320.31679 181081.484551
-4.0 -8.0 3203832.9357 185592.014149
-4.0 -7.5 3150739.92231 190223.75254
-4.0 -7.0 3098061.54202 194967.990609
-4.0 -6.5 3045819.31158 199816.655721
-4.0 -6.0 2994036.05889 204762.280091
-4.0 -5.5 2942736.01223 209797.965687
-4.0 -5.0 2891944.88398 214917.348653
-4.0 -4.5 2841689.96047 220114.561916
-4.0 -4.0 2792000.19367 225384.199325
-4.0 -3.5 2742906.29566 230721.281039
-4.0 -3.0 2694440.83447 236121.220083
-3.5 -10.0 3387111.32943 173642.660245
-3.5 -9.5 3332013.34542 177608.697444
-3.5 -9.0 3277241.13296 181727.361316
-3.5 -8.5 3222811.30364 185988.409245
-3.5 -8.0 3168741.49765 190382.190967
-3.5 -7.5 3115050.46187 194899.650358
-3.5 -7.0 3061758.12108 199532.318907
-3.5 -6.5 3008885.65836 204272.299844
-3.5 -6.0 2956455.59882 209112.246275
-3.5 -5.5 2904491.89854 214045.335349
-3.5 -5.0 2853020.03763 219065.240303
-3.5 -4.5 2802067.11656 224166.099746
-3.5 -4.0 2751661.96545 229342.488802
-3.5 -3.5 2701835.23192 234589.387967
-3.5 -3.0 2652619.51247 239902.155557
-3.0 -10.0 3355161.17191 178998.677226
-3.0 -9.5 3299529.71998 182847.959367
-3.0 -9.0 3244209.14963 186850.588114
-3.0 -8.5 3189215.63776 190996.829592
-3.0 -8.0 3134566.39708 195277.45241
-3.0 -7.5 3080279.75006 199683.740286
-3.0 -7.0 3026375.20764 204207.49358
-3.0 -6.5 2972873.55349 208841.022554
-3.0 -6.0 2919796.93284 213577.133878
-3.0 -5.5 2867168.94838 218409.112683
-3.0 -5.0 2815014.76025 223330.701209
-3.0 -4.5 2763361.1926 228336.075505
-3.0 -4.0 2712236.84525 233419.820737
-3.0 -3.5 2661672.21041 238576.906516
-3.0 -3.0 2611699.79423 243802.661877
-2.5 -10.0 3324138.45052 184434.621316
-2.5 -9.5 3267978.9531 188172.179543
-2.5 -9.0 3212115.06409 192063.348354
-2.5 -8.5 3156562.47959 196098.899821
-2.5 -8.0 3101337.92623 200270.028768
-2.5 -7.5 3046459.24195 204568.373535
-2.5 -7.0 2991945.45717 208986.023134
-2.5 -6.5 2937816.88342 213515.518455
-2.5 -6.0 2884095.20775 218149.845455
-2.5 -5.5 2830803.59405 222882.424037
-2.5 -5.0 2777966.7905 227707.093312
-2.5 -4.5 2725611.24461 232618.093051
-2.5 -4.0 2673765.22376 237610.044798
-2.5 -3.5 2622458.94704 242677.931833
-2.5 -3.0 2571724.71295 247817.077139
-2.0 -10.0 3294069.36777 189943.562706
-2.0 -9.5 3237388.31518 193574.28106
-2.0 -9.0 3180987.26354 197358.483079
-2.0 -8.5 3124881.37301 201287.437016
-2.0 -8.0 3069086.83013 205352.764865
-2.0 -7.5 3013620.92642 209546.465949
-2.0 -7.0 2958502.14517 213860.931114
-2.0 -6.5 2903750.2503 218288.948407
-2.0 -6.0 2849386.39274 222823.703524
-2.0 -5.5 2795433.20396 227458.772586
-2.0 -5.0 2741914.92863 232188.113341
-2.0 -4.5 2688857.53381 237006.052746
-2.0 -4.0 2636288.84141 241907.271276
-2.0 -3.5 2584238.67261 246886.787251
-2.0 -3.0 2532738.9926 251939.939437