83   4701.99654   11.466   520.050   0.5567   533.594   2.0815
124  4684.44276   22.132   520.562   0.3200   531.592   1.1609
125  4684.01462   92.088   520.180   0.0847   530.238   0.3451
126  4683.58648   79.87    520.152   0.0935   530.507   0.3809
240  4634.7784    18.267   520.166   0.3377   533.308   1.1438
241  4634.35026   36.278   520.629   0.1358   537.385   0.5182
257  4627.5000    18.647   522.702   0.3477   533.941   1.3124
258  4627.07186   20.76    522.524   0.2907   536.740   0.9640
172  4122.82539   10.718   513.464   0.4675   511.960   1.9310
173  4122.39803    9.2619  513.829   0.6257   511.923   2.0590
229  4098.46601   23.999   513.972   0.2147   508.384   0.7632
230  4098.03865   34.848   514.524   0.1549   509.397   0.5330
231  4097.6113    39.947   514.677   0.1281   509.620   0.4566
232  4097.18394   39.795   514.268   0.1255   508.527   0.4355
233  4096.75658   28.32    514.626   0.1619   510.020   0.6088
259  4085.64528   17.707   514.182   0.2832   509.230   1.064
268  4081.79907   18.472   514.845   0.2989   510.348   0.9621
269  4081.37171   19.948   514.823   0.2605   509.362   0.8500
271  4080.51699   18.293   513.942   0.3061   509.307   0.9955
307  4065.132112  13.815   514.967   0.4165   509.539   1.425
401  3464.57696   13.368   497.383   0.3488   477.664   0.1238
402  3464.15042   12.608   498.424   0.45     477.166   1.2274
210  3546.0478     8.3442  492.913   0.876    462.869   3.5455